00000000000000000000000000000000000000000000000000000000000000000000000000000000
00000000000000001111110000000000000000000000000000000000000000000000000000000000
00000000000000001111111100000000000000000000000000000000000011111100000000000000
00000000000000000111111111100000000000000000000000000000001111111100000000000000
00000000000000000111111111111110011111111111110000000000111111111100000000000000
00000000000000000011100111111111111111111111111111111111100111111000000000000000
00000000000000000001111111111111111111111111111111111111011111110000000000000000
00000000000000000011111111111111111111111111111111111011111111110000000000000000
00000000000000000001111111111111111111111111111111111111111111110000000000000000
00000000000000000011111111111111111111111111111111111111001111100000000000000000
00000000000000000001111111111111111111111111111111111111101111000000000000000000
00000000000000000000111111111111011101111111011111110111111111000000000000000000
00000000000000000000111111100001101111111111111101000011111110000000000000000000
00000000000000000000101111111111111000100011001111111001111110000000000000000000
00000000000000000000111111111111111100100000011111111011111110000000000000000000
00000000000000000000111111110111111110110010011111110011111110000000000000000000
00000000000000000000011111111110100111111011110000011111111110000000000000000000
00000000000000000000111111111111111111100001111111111111011101100000000000000000
00000000000000000001111111111111111111110011111111111111111011110000000000000000
00000000000000000011111111111101111101111111001111000011100111111111111111111111
00000000000000000011111110111100000000011100001000000111001111111111111111111111
00000000000000000011111111100000000000001100000000010000111111111111111111111111
00000000000000000011111111110000000000000000000000110011111111110000000000001111
00000000000000000001111111111100000010000000000011011111111111100000000000000000
00000000000000000001111111111110000000000000000011111111111111000000000000000000
00000000000000000000111111111101100000000000000011111110000110000000000000000000
00000000000000000000111111111111100000000000000000000101111110000000000000000000
00000000000000000000001111111000000000000000000000001111101100000000000000000000
00000000000000000000001111111110000000000000000001111111111100000000000000000000
00000000000000000000001111111111111000000000000111111111111000000000000000000000
00000000000000000000011111111111111111101011111111111111111000000000000000000000
00000000000000000000001001111111111111111111111111111111111100000000000000000000
00000000000000000000010000011111111111111111110111111111001000000000000000000000
00000000000000000000000000001111111111111111110010000000100000000000000000000000
00000000000000000000000000011010111111111111110000000000000000000000000000000000
00000000000000000000000000000000000000000000001100000000000000000000000000000000
00000000000000000000000000000000000000000000000000000000000000000000000000000000
00000000000000000000000000000000000000000000000000000000000000000000000000000000
00000000000000000000000000000000000000000000000000000000000000000000000000000000
00000000000000000000000000000000000000000000000000000000000000000000000000000000
